0 0 0
0 1 1
0 2 2
0 3 3
0 4 4
0 5 5
0 6 6
0 7 7
0 8 8

1 0 0
1 1 1
1 2 2
1 3 3
1 4 4
1 5 5
1 6 6
1 7 7
1 8 6

2 0 0
2 1 1
2 2 2
2 3 3
2 4 4
2 5 5
2 6 6
2 7 5
2 8 6

3 0 0
3 1 1
3 2 2
3 3 3
3 4 4
3 5 5
3 6 6
3 7 5
3 8 4

4 0 0
4 1 1
4 2 2
4 3 3
4 4 4
4 5 5
4 6 4
4 7 5
4 8 6

5 0 0
5 1 1
5 2 2
5 3 3
5 4 4
5 5 5
5 6 4
5 7 5
5 8 4

6 0 0
6 1 1
6 2 2
6 3 3
6 4 4
6 5 5
6 6 4
6 7 3
6 8 4

7 0 0
7 1 1
7 2 2
7 3 3
7 4 4
7 5 5
7 6 4
7 7 3
7 8 2

8 0 0
8 1 1
8 2 2
8 3 3
8 4 4
8 5 3
8 6 4
8 7 5
8 8 6

9 0 0
9 1 1
9 2 2
9 3 3
9 4 4
9 5 3
9 6 4
9 7 5
9 8 4

10 0 0
10 1 1
10 2 2
10 3 3
10 4 4
10 5 3
10 6 4
10 7 3
10 8 4

11 0 0
11 1 1
11 2 2
11 3 3
11 4 4
11 5 3
11 6 4
11 7 3
11 8 2

12 0 0
12 1 1
12 2 2
12 3 3
12 4 4
12 5 3
12 6 2
12 7 3
12 8 4

13 0 0
13 1 1
13 2 2
13 3 3
13 4 4
13 5 3
13 6 2
13 7 3
13 8 2

14 0 0
14 1 1
14 2 2
14 3 3
14 4 4
14 5 3
14 6 2
14 7 1
14 8 2

15 0 0
15 1 1
15 2 2
15 3 3
15 4 4
15 5 3
15 6 2
15 7 1
15 8 0

16 0 0
16 1 1
16 2 2
16 3 3
16 4 2
16 5 3
16 6 4
16 7 5
16 8 6

17 0 0
17 1 1
17 2 2
17 3 3
17 4 2
17 5 3
17 6 4
17 7 5
17 8 4

18 0 0
18 1 1
18 2 2
18 3 3
18 4 2
18 5 3
18 6 4
18 7 3
18 8 4

19 0 0
19 1 1
19 2 2
19 3 3
19 4 2
19 5 3
19 6 4
19 7 3
19 8 2

20 0 0
20 1 1
20 2 2
20 3 3
20 4 2
20 5 3
20 6 2
20 7 3
20 8 4

21 0 0
21 1 1
21 2 2
21 3 3
21 4 2
21 5 3
21 6 2
21 7 3
21 8 2

22 0 0
22 1 1
22 2 2
22 3 3
22 4 2
22 5 3
22 6 2
22 7 1
22 8 2

23 0 0
23 1 1
23 2 2
23 3 3
23 4 2
23 5 3
23 6 2
23 7 1
23 8 0

24 0 0
24 1 1
24 2 2
24 3 3
24 4 2
24 5 1
24 6 2
24 7 3
24 8 4

25 0 0
25 1 1
25 2 2
25 3 3
25 4 2
25 5 1
25 6 2
25 7 3
25 8 2

26 0 0
26 1 1
26 2 2
26 3 3
26 4 2
26 5 1
26 6 2
26 7 1
26 8 2

27 0 0
27 1 1
27 2 2
27 3 3
27 4 2
27 5 1
27 6 2
27 7 1
27 8 0

28 0 0
28 1 1
28 2 2
28 3 3
28 4 2
28 5 1
28 6 0
28 7 1
28 8 2

29 0 0
29 1 1
29 2 2
29 3 3
29 4 2
29 5 1
29 6 0
29 7 1
29 8 0

30 0 0
30 1 1
30 2 2
30 3 3
30 4 2
30 5 1
30 6 0
30 7 -1
30 8 0

31 0 0
31 1 1
31 2 2
31 3 3
31 4 2
31 5 1
31 6 0
31 7 -1
31 8 -2

32 0 0
32 1 1
32 2 2
32 3 1
32 4 2
32 5 3
32 6 4
32 7 5
32 8 6

33 0 0
33 1 1
33 2 2
33 3 1
33 4 2
33 5 3
33 6 4
33 7 5
33 8 4

34 0 0
34 1 1
34 2 2
34 3 1
34 4 2
34 5 3
34 6 4
34 7 3
34 8 4

35 0 0
35 1 1
35 2 2
35 3 1
35 4 2
35 5 3
35 6 4
35 7 3
35 8 2

36 0 0
36 1 1
36 2 2
36 3 1
36 4 2
36 5 3
36 6 2
36 7 3
36 8 4

37 0 0
37 1 1
37 2 2
37 3 1
37 4 2
37 5 3
37 6 2
37 7 3
37 8 2

38 0 0
38 1 1
38 2 2
38 3 1
38 4 2
38 5 3
38 6 2
38 7 1
38 8 2

39 0 0
39 1 1
39 2 2
39 3 1
39 4 2
39 5 3
39 6 2
39 7 1
39 8 0

40 0 0
40 1 1
40 2 2
40 3 1
40 4 2
40 5 1
40 6 2
40 7 3
40 8 4

41 0 0
41 1 1
41 2 2
41 3 1
41 4 2
41 5 1
41 6 2
41 7 3
41 8 2

42 0 0
42 1 1
42 2 2
42 3 1
42 4 2
42 5 1
42 6 2
42 7 1
42 8 2

43 0 0
43 1 1
43 2 2
43 3 1
43 4 2
43 5 1
43 6 2
43 7 1
43 8 0

44 0 0
44 1 1
44 2 2
44 3 1
44 4 2
44 5 1
44 6 0
44 7 1
44 8 2

45 0 0
45 1 1
45 2 2
45 3 1
45 4 2
45 5 1
45 6 0
45 7 1
45 8 0

46 0 0
46 1 1
46 2 2
46 3 1
46 4 2
46 5 1
46 6 0
46 7 -1
46 8 0

47 0 0
47 1 1
47 2 2
47 3 1
47 4 2
47 5 1
47 6 0
47 7 -1
47 8 -2

48 0 0
48 1 1
48 2 2
48 3 1
48 4 0
48 5 1
48 6 2
48 7 3
48 8 4

49 0 0
49 1 1
49 2 2
49 3 1
49 4 0
49 5 1
49 6 2
49 7 3
49 8 2

50 0 0
50 1 1
50 2 2
50 3 1
50 4 0
50 5 1
50 6 2
50 7 1
50 8 2

51 0 0
51 1 1
51 2 2
51 3 1
51 4 0
51 5 1
51 6 2
51 7 1
51 8 0

52 0 0
52 1 1
52 2 2
52 3 1
52 4 0
52 5 1
52 6 0
52 7 1
52 8 2

53 0 0
53 1 1
53 2 2
53 3 1
53 4 0
53 5 1
53 6 0
53 7 1
53 8 0

54 0 0
54 1 1
54 2 2
54 3 1
54 4 0
54 5 1
54 6 0
54 7 -1
54 8 0

55 0 0
55 1 1
55 2 2
55 3 1
55 4 0
55 5 1
55 6 0
55 7 -1
55 8 -2

56 0 0
56 1 1
56 2 2
56 3 1
56 4 0
56 5 -1
56 6 0
56 7 1
56 8 2

57 0 0
57 1 1
57 2 2
57 3 1
57 4 0
57 5 -1
57 6 0
57 7 1
57 8 0

58 0 0
58 1 1
58 2 2
58 3 1
58 4 0
58 5 -1
58 6 0
58 7 -1
58 8 0

59 0 0
59 1 1
59 2 2
59 3 1
59 4 0
59 5 -1
59 6 0
59 7 -1
59 8 -2

60 0 0
60 1 1
60 2 2
60 3 1
60 4 0
60 5 -1
60 6 -2
60 7 -1
60 8 0

61 0 0
61 1 1
61 2 2
61 3 1
61 4 0
61 5 -1
61 6 -2
61 7 -1
61 8 -2

62 0 0
62 1 1
62 2 2
62 3 1
62 4 0
62 5 -1
62 6 -2
62 7 -3
62 8 -2

63 0 0
63 1 1
63 2 2
63 3 1
63 4 0
63 5 -1
63 6 -2
63 7 -3
63 8 -4

64 0 0
64 1 1
64 2 0
64 3 1
64 4 2
64 5 3
64 6 4
64 7 5
64 8 6

65 0 0
65 1 1
65 2 0
65 3 1
65 4 2
65 5 3
65 6 4
65 7 5
65 8 4

66 0 0
66 1 1
66 2 0
66 3 1
66 4 2
66 5 3
66 6 4
66 7 3
66 8 4

67 0 0
67 1 1
67 2 0
67 3 1
67 4 2
67 5 3
67 6 4
67 7 3
67 8 2

68 0 0
68 1 1
68 2 0
68 3 1
68 4 2
68 5 3
68 6 2
68 7 3
68 8 4

69 0 0
69 1 1
69 2 0
69 3 1
69 4 2
69 5 3
69 6 2
69 7 3
69 8 2

70 0 0
70 1 1
70 2 0
70 3 1
70 4 2
70 5 3
70 6 2
70 7 1
70 8 2

71 0 0
71 1 1
71 2 0
71 3 1
71 4 2
71 5 3
71 6 2
71 7 1
71 8 0

72 0 0
72 1 1
72 2 0
72 3 1
72 4 2
72 5 1
72 6 2
72 7 3
72 8 4

73 0 0
73 1 1
73 2 0
73 3 1
73 4 2
73 5 1
73 6 2
73 7 3
73 8 2

74 0 0
74 1 1
74 2 0
74 3 1
74 4 2
74 5 1
74 6 2
74 7 1
74 8 2

75 0 0
75 1 1
75 2 0
75 3 1
75 4 2
75 5 1
75 6 2
75 7 1
75 8 0

76 0 0
76 1 1
76 2 0
76 3 1
76 4 2
76 5 1
76 6 0
76 7 1
76 8 2

77 0 0
77 1 1
77 2 0
77 3 1
77 4 2
77 5 1
77 6 0
77 7 1
77 8 0

78 0 0
78 1 1
78 2 0
78 3 1
78 4 2
78 5 1
78 6 0
78 7 -1
78 8 0

79 0 0
79 1 1
79 2 0
79 3 1
79 4 2
79 5 1
79 6 0
79 7 -1
79 8 -2

80 0 0
80 1 1
80 2 0
80 3 1
80 4 0
80 5 1
80 6 2
80 7 3
80 8 4

81 0 0
81 1 1
81 2 0
81 3 1
81 4 0
81 5 1
81 6 2
81 7 3
81 8 2

82 0 0
82 1 1
82 2 0
82 3 1
82 4 0
82 5 1
82 6 2
82 7 1
82 8 2

83 0 0
83 1 1
83 2 0
83 3 1
83 4 0
83 5 1
83 6 2
83 7 1
83 8 0

84 0 0
84 1 1
84 2 0
84 3 1
84 4 0
84 5 1
84 6 0
84 7 1
84 8 2

85 0 0
85 1 1
85 2 0
85 3 1
85 4 0
85 5 1
85 6 0
85 7 1
85 8 0

86 0 0
86 1 1
86 2 0
86 3 1
86 4 0
86 5 1
86 6 0
86 7 -1
86 8 0

87 0 0
87 1 1
87 2 0
87 3 1
87 4 0
87 5 1
87 6 0
87 7 -1
87 8 -2

88 0 0
88 1 1
88 2 0
88 3 1
88 4 0
88 5 -1
88 6 0
88 7 1
88 8 2

89 0 0
89 1 1
89 2 0
89 3 1
89 4 0
89 5 -1
89 6 0
89 7 1
89 8 0

90 0 0
90 1 1
90 2 0
90 3 1
90 4 0
90 5 -1
90 6 0
90 7 -1
90 8 0

91 0 0
91 1 1
91 2 0
91 3 1
91 4 0
91 5 -1
91 6 0
91 7 -1
91 8 -2

92 0 0
92 1 1
92 2 0
92 3 1
92 4 0
92 5 -1
92 6 -2
92 7 -1
92 8 0

93 0 0
93 1 1
93 2 0
93 3 1
93 4 0
93 5 -1
93 6 -2
93 7 -1
93 8 -2

94 0 0
94 1 1
94 2 0
94 3 1
94 4 0
94 5 -1
94 6 -2
94 7 -3
94 8 -2

95 0 0
95 1 1
95 2 0
95 3 1
95 4 0
95 5 -1
95 6 -2
95 7 -3
95 8 -4

96 0 0
96 1 1
96 2 0
96 3 -1
96 4 0
96 5 1
96 6 2
96 7 3
96 8 4

97 0 0
97 1 1
97 2 0
97 3 -1
97 4 0
97 5 1
97 6 2
97 7 3
97 8 2

98 0 0
98 1 1
98 2 0
98 3 -1
98 4 0
98 5 1
98 6 2
98 7 1
98 8 2

99 0 0
99 1 1
99 2 0
99 3 -1
99 4 0
99 5 1
99 6 2
99 7 1
99 8 0

100 0 0
100 1 1
100 2 0
100 3 -1
100 4 0
100 5 1
100 6 0
100 7 1
100 8 2

101 0 0
101 1 1
101 2 0
101 3 -1
101 4 0
101 5 1
101 6 0
101 7 1
101 8 0

102 0 0
102 1 1
102 2 0
102 3 -1
102 4 0
102 5 1
102 6 0
102 7 -1
102 8 0

103 0 0
103 1 1
103 2 0
103 3 -1
103 4 0
103 5 1
103 6 0
103 7 -1
103 8 -2

104 0 0
104 1 1
104 2 0
104 3 -1
104 4 0
104 5 -1
104 6 0
104 7 1
104 8 2

105 0 0
105 1 1
105 2 0
105 3 -1
105 4 0
105 5 -1
105 6 0
105 7 1
105 8 0

106 0 0
106 1 1
106 2 0
106 3 -1
106 4 0
106 5 -1
106 6 0
106 7 -1
106 8 0

107 0 0
107 1 1
107 2 0
107 3 -1
107 4 0
107 5 -1
107 6 0
107 7 -1
107 8 -2

108 0 0
108 1 1
108 2 0
108 3 -1
108 4 0
108 5 -1
108 6 -2
108 7 -1
108 8 0

109 0 0
109 1 1
109 2 0
109 3 -1
109 4 0
109 5 -1
109 6 -2
109 7 -1
109 8 -2

110 0 0
110 1 1
110 2 0
110 3 -1
110 4 0
110 5 -1
110 6 -2
110 7 -3
110 8 -2

111 0 0
111 1 1
111 2 0
111 3 -1
111 4 0
111 5 -1
111 6 -2
111 7 -3
111 8 -4

112 0 0
112 1 1
112 2 0
112 3 -1
112 4 -2
112 5 -1
112 6 0
112 7 1
112 8 2

113 0 0
113 1 1
113 2 0
113 3 -1
113 4 -2
113 5 -1
113 6 0
113 7 1
113 8 0

114 0 0
114 1 1
114 2 0
114 3 -1
114 4 -2
114 5 -1
114 6 0
114 7 -1
114 8 0

115 0 0
115 1 1
115 2 0
115 3 -1
115 4 -2
115 5 -1
115 6 0
115 7 -1
115 8 -2

116 0 0
116 1 1
116 2 0
116 3 -1
116 4 -2
116 5 -1
116 6 -2
116 7 -1
116 8 0

117 0 0
117 1 1
117 2 0
117 3 -1
117 4 -2
117 5 -1
117 6 -2
117 7 -1
117 8 -2

118 0 0
118 1 1
118 2 0
118 3 -1
118 4 -2
118 5 -1
118 6 -2
118 7 -3
118 8 -2

119 0 0
119 1 1
119 2 0
119 3 -1
119 4 -2
119 5 -1
119 6 -2
119 7 -3
119 8 -4

120 0 0
120 1 1
120 2 0
120 3 -1
120 4 -2
120 5 -3
120 6 -2
120 7 -1
120 8 0

121 0 0
121 1 1
121 2 0
121 3 -1
121 4 -2
121 5 -3
121 6 -2
121 7 -1
121 8 -2

122 0 0
122 1 1
122 2 0
122 3 -1
122 4 -2
122 5 -3
122 6 -2
122 7 -3
122 8 -2

123 0 0
123 1 1
123 2 0
123 3 -1
123 4 -2
123 5 -3
123 6 -2
123 7 -3
123 8 -4

124 0 0
124 1 1
124 2 0
124 3 -1
124 4 -2
124 5 -3
124 6 -4
124 7 -3
124 8 -2

125 0 0
125 1 1
125 2 0
125 3 -1
125 4 -2
125 5 -3
125 6 -4
125 7 -3
125 8 -4

126 0 0
126 1 1
126 2 0
126 3 -1
126 4 -2
126 5 -3
126 6 -4
126 7 -5
126 8 -4

127 0 0
127 1 1
127 2 0
127 3 -1
127 4 -2
127 5 -3
127 6 -4
127 7 -5
127 8 -6

128 0 0
128 1 -1
128 2 0
128 3 1
128 4 2
128 5 3
128 6 4
128 7 5
128 8 6

129 0 0
129 1 -1
129 2 0
129 3 1
129 4 2
129 5 3
129 6 4
129 7 5
129 8 4

130 0 0
130 1 -1
130 2 0
130 3 1
130 4 2
130 5 3
130 6 4
130 7 3
130 8 4

131 0 0
131 1 -1
131 2 0
131 3 1
131 4 2
131 5 3
131 6 4
131 7 3
131 8 2

132 0 0
132 1 -1
132 2 0
132 3 1
132 4 2
132 5 3
132 6 2
132 7 3
132 8 4

133 0 0
133 1 -1
133 2 0
133 3 1
133 4 2
133 5 3
133 6 2
133 7 3
133 8 2

134 0 0
134 1 -1
134 2 0
134 3 1
134 4 2
134 5 3
134 6 2
134 7 1
134 8 2

135 0 0
135 1 -1
135 2 0
135 3 1
135 4 2
135 5 3
135 6 2
135 7 1
135 8 0

136 0 0
136 1 -1
136 2 0
136 3 1
136 4 2
136 5 1
136 6 2
136 7 3
136 8 4

137 0 0
137 1 -1
137 2 0
137 3 1
137 4 2
137 5 1
137 6 2
137 7 3
137 8 2

138 0 0
138 1 -1
138 2 0
138 3 1
138 4 2
138 5 1
138 6 2
138 7 1
138 8 2

139 0 0
139 1 -1
139 2 0
139 3 1
139 4 2
139 5 1
139 6 2
139 7 1
139 8 0

140 0 0
140 1 -1
140 2 0
140 3 1
140 4 2
140 5 1
140 6 0
140 7 1
140 8 2

141 0 0
141 1 -1
141 2 0
141 3 1
141 4 2
141 5 1
141 6 0
141 7 1
141 8 0

142 0 0
142 1 -1
142 2 0
142 3 1
142 4 2
142 5 1
142 6 0
142 7 -1
142 8 0

143 0 0
143 1 -1
143 2 0
143 3 1
143 4 2
143 5 1
143 6 0
143 7 -1
143 8 -2

144 0 0
144 1 -1
144 2 0
144 3 1
144 4 0
144 5 1
144 6 2
144 7 3
144 8 4

145 0 0
145 1 -1
145 2 0
145 3 1
145 4 0
145 5 1
145 6 2
145 7 3
145 8 2

146 0 0
146 1 -1
146 2 0
146 3 1
146 4 0
146 5 1
146 6 2
146 7 1
146 8 2

147 0 0
147 1 -1
147 2 0
147 3 1
147 4 0
147 5 1
147 6 2
147 7 1
147 8 0

148 0 0
148 1 -1
148 2 0
148 3 1
148 4 0
148 5 1
148 6 0
148 7 1
148 8 2

149 0 0
149 1 -1
149 2 0
149 3 1
149 4 0
149 5 1
149 6 0
149 7 1
149 8 0

150 0 0
150 1 -1
150 2 0
150 3 1
150 4 0
150 5 1
150 6 0
150 7 -1
150 8 0

151 0 0
151 1 -1
151 2 0
151 3 1
151 4 0
151 5 1
151 6 0
151 7 -1
151 8 -2

152 0 0
152 1 -1
152 2 0
152 3 1
152 4 0
152 5 -1
152 6 0
152 7 1
152 8 2

153 0 0
153 1 -1
153 2 0
153 3 1
153 4 0
153 5 -1
153 6 0
153 7 1
153 8 0

154 0 0
154 1 -1
154 2 0
154 3 1
154 4 0
154 5 -1
154 6 0
154 7 -1
154 8 0

155 0 0
155 1 -1
155 2 0
155 3 1
155 4 0
155 5 -1
155 6 0
155 7 -1
155 8 -2

156 0 0
156 1 -1
156 2 0
156 3 1
156 4 0
156 5 -1
156 6 -2
156 7 -1
156 8 0

157 0 0
157 1 -1
157 2 0
157 3 1
157 4 0
157 5 -1
157 6 -2
157 7 -1
157 8 -2

158 0 0
158 1 -1
158 2 0
158 3 1
158 4 0
158 5 -1
158 6 -2
158 7 -3
158 8 -2

159 0 0
159 1 -1
159 2 0
159 3 1
159 4 0
159 5 -1
159 6 -2
159 7 -3
159 8 -4

160 0 0
160 1 -1
160 2 0
160 3 -1
160 4 0
160 5 1
160 6 2
160 7 3
160 8 4

161 0 0
161 1 -1
161 2 0
161 3 -1
161 4 0
161 5 1
161 6 2
161 7 3
161 8 2

162 0 0
162 1 -1
162 2 0
162 3 -1
162 4 0
162 5 1
162 6 2
162 7 1
162 8 2

163 0 0
163 1 -1
163 2 0
163 3 -1
163 4 0
163 5 1
163 6 2
163 7 1
163 8 0

164 0 0
164 1 -1
164 2 0
164 3 -1
164 4 0
164 5 1
164 6 0
164 7 1
164 8 2

165 0 0
165 1 -1
165 2 0
165 3 -1
165 4 0
165 5 1
165 6 0
165 7 1
165 8 0

166 0 0
166 1 -1
166 2 0
166 3 -1
166 4 0
166 5 1
166 6 0
166 7 -1
166 8 0

167 0 0
167 1 -1
167 2 0
167 3 -1
167 4 0
167 5 1
167 6 0
167 7 -1
167 8 -2

168 0 0
168 1 -1
168 2 0
168 3 -1
168 4 0
168 5 -1
168 6 0
168 7 1
168 8 2

169 0 0
169 1 -1
169 2 0
169 3 -1
169 4 0
169 5 -1
169 6 0
169 7 1
169 8 0

170 0 0
170 1 -1
170 2 0
170 3 -1
170 4 0
170 5 -1
170 6 0
170 7 -1
170 8 0

171 0 0
171 1 -1
171 2 0
171 3 -1
171 4 0
171 5 -1
171 6 0
171 7 -1
171 8 -2

172 0 0
172 1 -1
172 2 0
172 3 -1
172 4 0
172 5 -1
172 6 -2
172 7 -1
172 8 0

173 0 0
173 1 -1
173 2 0
173 3 -1
173 4 0
173 5 -1
173 6 -2
173 7 -1
173 8 -2

174 0 0
174 1 -1
174 2 0
174 3 -1
174 4 0
174 5 -1
174 6 -2
174 7 -3
174 8 -2

175 0 0
175 1 -1
175 2 0
175 3 -1
175 4 0
175 5 -1
175 6 -2
175 7 -3
175 8 -4

176 0 0
176 1 -1
176 2 0
176 3 -1
176 4 -2
176 5 -1
176 6 0
176 7 1
176 8 2

177 0 0
177 1 -1
177 2 0
177 3 -1
177 4 -2
177 5 -1
177 6 0
177 7 1
177 8 0

178 0 0
178 1 -1
178 2 0
178 3 -1
178 4 -2
178 5 -1
178 6 0
178 7 -1
178 8 0

179 0 0
179 1 -1
179 2 0
179 3 -1
179 4 -2
179 5 -1
179 6 0
179 7 -1
179 8 -2

180 0 0
180 1 -1
180 2 0
180 3 -1
180 4 -2
180 5 -1
180 6 -2
180 7 -1
180 8 0

181 0 0
181 1 -1
181 2 0
181 3 -1
181 4 -2
181 5 -1
181 6 -2
181 7 -1
181 8 -2

182 0 0
182 1 -1
182 2 0
182 3 -1
182 4 -2
182 5 -1
182 6 -2
182 7 -3
182 8 -2

183 0 0
183 1 -1
183 2 0
183 3 -1
183 4 -2
183 5 -1
183 6 -2
183 7 -3
183 8 -4

184 0 0
184 1 -1
184 2 0
184 3 -1
184 4 -2
184 5 -3
184 6 -2
184 7 -1
184 8 0

185 0 0
185 1 -1
185 2 0
185 3 -1
185 4 -2
185 5 -3
185 6 -2
185 7 -1
185 8 -2

186 0 0
186 1 -1
186 2 0
186 3 -1
186 4 -2
186 5 -3
186 6 -2
186 7 -3
186 8 -2

187 0 0
187 1 -1
187 2 0
187 3 -1
187 4 -2
187 5 -3
187 6 -2
187 7 -3
187 8 -4

188 0 0
188 1 -1
188 2 0
188 3 -1
188 4 -2
188 5 -3
188 6 -4
188 7 -3
188 8 -2

189 0 0
189 1 -1
189 2 0
189 3 -1
189 4 -2
189 5 -3
189 6 -4
189 7 -3
189 8 -4

190 0 0
190 1 -1
190 2 0
190 3 -1
190 4 -2
190 5 -3
190 6 -4
190 7 -5
190 8 -4

191 0 0
191 1 -1
191 2 0
191 3 -1
191 4 -2
191 5 -3
191 6 -4
191 7 -5
191 8 -6

192 0 0
192 1 -1
192 2 -2
192 3 -1
192 4 0
192 5 1
192 6 2
192 7 3
192 8 4

193 0 0
193 1 -1
193 2 -2
193 3 -1
193 4 0
193 5 1
193 6 2
193 7 3
193 8 2

194 0 0
194 1 -1
194 2 -2
194 3 -1
194 4 0
194 5 1
194 6 2
194 7 1
194 8 2

195 0 0
195 1 -1
195 2 -2
195 3 -1
195 4 0
195 5 1
195 6 2
195 7 1
195 8 0

196 0 0
196 1 -1
196 2 -2
196 3 -1
196 4 0
196 5 1
196 6 0
196 7 1
196 8 2

197 0 0
197 1 -1
197 2 -2
197 3 -1
197 4 0
197 5 1
197 6 0
197 7 1
197 8 0

198 0 0
198 1 -1
198 2 -2
198 3 -1
198 4 0
198 5 1
198 6 0
198 7 -1
198 8 0

199 0 0
199 1 -1
199 2 -2
199 3 -1
199 4 0
199 5 1
199 6 0
199 7 -1
199 8 -2

200 0 0
200 1 -1
200 2 -2
200 3 -1
200 4 0
200 5 -1
200 6 0
200 7 1
200 8 2

201 0 0
201 1 -1
201 2 -2
201 3 -1
201 4 0
201 5 -1
201 6 0
201 7 1
201 8 0

202 0 0
202 1 -1
202 2 -2
202 3 -1
202 4 0
202 5 -1
202 6 0
202 7 -1
202 8 0

203 0 0
203 1 -1
203 2 -2
203 3 -1
203 4 0
203 5 -1
203 6 0
203 7 -1
203 8 -2

204 0 0
204 1 -1
204 2 -2
204 3 -1
204 4 0
204 5 -1
204 6 -2
204 7 -1
204 8 0

205 0 0
205 1 -1
205 2 -2
205 3 -1
205 4 0
205 5 -1
205 6 -2
205 7 -1
205 8 -2

206 0 0
206 1 -1
206 2 -2
206 3 -1
206 4 0
206 5 -1
206 6 -2
206 7 -3
206 8 -2

207 0 0
207 1 -1
207 2 -2
207 3 -1
207 4 0
207 5 -1
207 6 -2
207 7 -3
207 8 -4

208 0 0
208 1 -1
208 2 -2
208 3 -1
208 4 -2
208 5 -1
208 6 0
208 7 1
208 8 2

209 0 0
209 1 -1
209 2 -2
209 3 -1
209 4 -2
209 5 -1
209 6 0
209 7 1
209 8 0

210 0 0
210 1 -1
210 2 -2
210 3 -1
210 4 -2
210 5 -1
210 6 0
210 7 -1
210 8 0

211 0 0
211 1 -1
211 2 -2
211 3 -1
211 4 -2
211 5 -1
211 6 0
211 7 -1
211 8 -2

212 0 0
212 1 -1
212 2 -2
212 3 -1
212 4 -2
212 5 -1
212 6 -2
212 7 -1
212 8 0

213 0 0
213 1 -1
213 2 -2
213 3 -1
213 4 -2
213 5 -1
213 6 -2
213 7 -1
213 8 -2

214 0 0
214 1 -1
214 2 -2
214 3 -1
214 4 -2
214 5 -1
214 6 -2
214 7 -3
214 8 -2

215 0 0
215 1 -1
215 2 -2
215 3 -1
215 4 -2
215 5 -1
215 6 -2
215 7 -3
215 8 -4

216 0 0
216 1 -1
216 2 -2
216 3 -1
216 4 -2
216 5 -3
216 6 -2
216 7 -1
216 8 0

217 0 0
217 1 -1
217 2 -2
217 3 -1
217 4 -2
217 5 -3
217 6 -2
217 7 -1
217 8 -2

218 0 0
218 1 -1
218 2 -2
218 3 -1
218 4 -2
218 5 -3
218 6 -2
218 7 -3
218 8 -2

219 0 0
219 1 -1
219 2 -2
219 3 -1
219 4 -2
219 5 -3
219 6 -2
219 7 -3
219 8 -4

220 0 0
220 1 -1
220 2 -2
220 3 -1
220 4 -2
220 5 -3
220 6 -4
220 7 -3
220 8 -2

221 0 0
221 1 -1
221 2 -2
221 3 -1
221 4 -2
221 5 -3
221 6 -4
221 7 -3
221 8 -4

222 0 0
222 1 -1
222 2 -2
222 3 -1
222 4 -2
222 5 -3
222 6 -4
222 7 -5
222 8 -4

223 0 0
223 1 -1
223 2 -2
223 3 -1
223 4 -2
223 5 -3
223 6 -4
223 7 -5
223 8 -6

224 0 0
224 1 -1
224 2 -2
224 3 -3
224 4 -2
224 5 -1
224 6 0
224 7 1
224 8 2

225 0 0
225 1 -1
225 2 -2
225 3 -3
225 4 -2
225 5 -1
225 6 0
225 7 1
225 8 0

226 0 0
226 1 -1
226 2 -2
226 3 -3
226 4 -2
226 5 -1
226 6 0
226 7 -1
226 8 0

227 0 0
227 1 -1
227 2 -2
227 3 -3
227 4 -2
227 5 -1
227 6 0
227 7 -1
227 8 -2

228 0 0
228 1 -1
228 2 -2
228 3 -3
228 4 -2
228 5 -1
228 6 -2
228 7 -1
228 8 0

229 0 0
229 1 -1
229 2 -2
229 3 -3
229 4 -2
229 5 -1
229 6 -2
229 7 -1
229 8 -2

230 0 0
230 1 -1
230 2 -2
230 3 -3
230 4 -2
230 5 -1
230 6 -2
230 7 -3
230 8 -2

231 0 0
231 1 -1
231 2 -2
231 3 -3
231 4 -2
231 5 -1
231 6 -2
231 7 -3
231 8 -4

232 0 0
232 1 -1
232 2 -2
232 3 -3
232 4 -2
232 5 -3
232 6 -2
232 7 -1
232 8 0

233 0 0
233 1 -1
233 2 -2
233 3 -3
233 4 -2
233 5 -3
233 6 -2
233 7 -1
233 8 -2

234 0 0
234 1 -1
234 2 -2
234 3 -3
234 4 -2
234 5 -3
234 6 -2
234 7 -3
234 8 -2

235 0 0
235 1 -1
235 2 -2
235 3 -3
235 4 -2
235 5 -3
235 6 -2
235 7 -3
235 8 -4

236 0 0
236 1 -1
236 2 -2
236 3 -3
236 4 -2
236 5 -3
236 6 -4
236 7 -3
236 8 -2

237 0 0
237 1 -1
237 2 -2
237 3 -3
237 4 -2
237 5 -3
237 6 -4
237 7 -3
237 8 -4

238 0 0
238 1 -1
238 2 -2
238 3 -3
238 4 -2
238 5 -3
238 6 -4
238 7 -5
238 8 -4

239 0 0
239 1 -1
239 2 -2
239 3 -3
239 4 -2
239 5 -3
239 6 -4
239 7 -5
239 8 -6

240 0 0
240 1 -1
240 2 -2
240 3 -3
240 4 -4
240 5 -3
240 6 -2
240 7 -1
240 8 0

241 0 0
241 1 -1
241 2 -2
241 3 -3
241 4 -4
241 5 -3
241 6 -2
241 7 -1
241 8 -2

242 0 0
242 1 -1
242 2 -2
242 3 -3
242 4 -4
242 5 -3
242 6 -2
242 7 -3
242 8 -2

243 0 0
243 1 -1
243 2 -2
243 3 -3
243 4 -4
243 5 -3
243 6 -2
243 7 -3
243 8 -4

244 0 0
244 1 -1
244 2 -2
244 3 -3
244 4 -4
244 5 -3
244 6 -4
244 7 -3
244 8 -2

245 0 0
245 1 -1
245 2 -2
245 3 -3
245 4 -4
245 5 -3
245 6 -4
245 7 -3
245 8 -4

246 0 0
246 1 -1
246 2 -2
246 3 -3
246 4 -4
246 5 -3
246 6 -4
246 7 -5
246 8 -4

247 0 0
247 1 -1
247 2 -2
247 3 -3
247 4 -4
247 5 -3
247 6 -4
247 7 -5
247 8 -6

248 0 0
248 1 -1
248 2 -2
248 3 -3
248 4 -4
248 5 -5
248 6 -4
248 7 -3
248 8 -2

249 0 0
249 1 -1
249 2 -2
249 3 -3
249 4 -4
249 5 -5
249 6 -4
249 7 -3
249 8 -4

250 0 0
250 1 -1
250 2 -2
250 3 -3
250 4 -4
250 5 -5
250 6 -4
250 7 -5
250 8 -4

251 0 0
251 1 -1
251 2 -2
251 3 -3
251 4 -4
251 5 -5
251 6 -4
251 7 -5
251 8 -6

252 0 0
252 1 -1
252 2 -2
252 3 -3
252 4 -4
252 5 -5
252 6 -6
252 7 -5
252 8 -4

253 0 0
253 1 -1
253 2 -2
253 3 -3
253 4 -4
253 5 -5
253 6 -6
253 7 -5
253 8 -6

254 0 0
254 1 -1
254 2 -2
254 3 -3
254 4 -4
254 5 -5
254 6 -6
254 7 -7
254 8 -6

255 0 0
255 1 -1
255 2 -2
255 3 -3
255 4 -4
255 5 -5
255 6 -6
255 7 -7
255 8 -8

